(kicad_pcb (version 20171130) (host pcbnew "(5.1.4-0-10_14)")

  (general
    (thickness 1.6)
    (drawings 25)
    (tracks 813)
    (zones 0)
    (modules 71)
    (nets 83)
  )

  (page A4)
  (title_block
    (title "nRF52 WS2815 Driver")
    (date 2019-11-14)
    (rev v1)
    (comment 4 "Author: Krzysztof Rosinski")
  )

  (layers
    (0 F.Cu signal)
    (1 In1.Cu signal hide)
    (2 In2.Cu signal hide)
    (31 B.Cu signal hide)
    (32 B.Adhes user hide)
    (33 F.Adhes user hide)
    (34 B.Paste user hide)
    (35 F.Paste user hide)
    (36 B.SilkS user hide)
    (37 F.SilkS user)
    (38 B.Mask user hide)
    (39 F.Mask user hide)
    (40 Dwgs.User user hide)
    (41 Cmts.User user hide)
    (42 Eco1.User user hide)
    (43 Eco2.User user hide)
    (44 Edge.Cuts user)
    (45 Margin user hide)
    (46 B.CrtYd user hide)
    (47 F.CrtYd user hide)
    (48 B.Fab user hide)
    (49 F.Fab user hide)
  )

  (setup
    (last_trace_width 0.25)
    (user_trace_width 0.0889)
    (user_trace_width 0.1016)
    (user_trace_width 0.127)
    (user_trace_width 0.1524)
    (user_trace_width 0.1778)
    (user_trace_width 0.2032)
    (user_trace_width 0.2286)
    (user_trace_width 0.254)
    (user_trace_width 0.2794)
    (user_trace_width 0.3048)
    (user_trace_width 0.3302)
    (user_trace_width 0.508)
    (user_trace_width 0.762)
    (user_trace_width 1.27)
    (user_trace_width 2.032)
    (trace_clearance 0.0889)
    (zone_clearance 0.254)
    (zone_45_only no)
    (trace_min 0.0889)
    (via_size 0.45)
    (via_drill 0.2)
    (via_min_size 0.45)
    (via_min_drill 0.2)
    (user_via 0.45 0.2)
    (uvia_size 0.3)
    (uvia_drill 0.1)
    (uvias_allowed no)
    (uvia_min_size 0.2)
    (uvia_min_drill 0.1)
    (edge_width 0.05)
    (segment_width 0.2)
    (pcb_text_width 0.3)
    (pcb_text_size 1.5 1.5)
    (mod_edge_width 0.12)
    (mod_text_size 1 1)
    (mod_text_width 0.15)
    (pad_size 1.524 1.524)
    (pad_drill 0.762)
    (pad_to_mask_clearance 0.051)
    (solder_mask_min_width 0.25)
    (aux_axis_origin 0 0)
    (visible_elements FFFFFF7F)
    (pcbplotparams
      (layerselection 0x010fc_ffffffff)
      (usegerberextensions true)
      (usegerberattributes false)
      (usegerberadvancedattributes false)
      (creategerberjobfile false)
      (excludeedgelayer true)
      (linewidth 1.000000)
      (plotframeref false)
      (viasonmask false)
      (mode 1)
      (useauxorigin false)
      (hpglpennumber 1)
      (hpglpenspeed 20)
      (hpglpendiameter 15.000000)
      (psnegative false)
      (psa4output false)
      (plotreference true)
      (plotvalue false)
      (plotinvisibletext false)
      (padsonsilk false)
      (subtractmaskfromsilk false)
      (outputformat 1)
      (mirror false)
      (drillshape 0)
      (scaleselection 1)
      (outputdirectory "gerbers/"))
  )

  (net 0 "")
  (net 1 VCC)
  (net 2 GND)
  (net 3 /DEC3)
  (net 4 /DEC4_6)
  (net 5 /~nrf_reset)
  (net 6 /DEC5)
  (net 7 /DECUSB)
  (net 8 "Net-(C10-Pad2)")
  (net 9 "Net-(C12-Pad2)")
  (net 10 +12V)
  (net 11 "Net-(C15-Pad1)")
  (net 12 "Net-(C16-Pad1)")
  (net 13 "Net-(C17-Pad1)")
  (net 14 "Net-(C18-Pad1)")
  (net 15 /DEC1)
  (net 16 VBUS)
  (net 17 "Net-(C24-Pad2)")
  (net 18 "Net-(C25-Pad2)")
  (net 19 +5V)
  (net 20 "Net-(D1-Pad3)")
  (net 21 "Net-(D1-Pad2)")
  (net 22 "Net-(D1-Pad1)")
  (net 23 /usb_dm)
  (net 24 /usb_dp)
  (net 25 "Net-(D3-Pad1)")
  (net 26 "Net-(FB1-Pad2)")
  (net 27 "Net-(FB2-Pad2)")
  (net 28 "Net-(J3-Pad2)")
  (net 29 "Net-(J3-Pad4)")
  (net 30 "Net-(J3-Pad6)")
  (net 31 "Net-(J3-Pad7)")
  (net 32 "Net-(J3-Pad8)")
  (net 33 "Net-(J4-PadB8)")
  (net 34 "Net-(J4-PadA5)")
  (net 35 "Net-(J4-PadA8)")
  (net 36 "Net-(J4-PadB5)")
  (net 37 "Net-(J5-Pad2)")
  (net 38 /~CTS)
  (net 39 "Net-(J6-Pad3)")
  (net 40 /TXD)
  (net 41 /RXD)
  (net 42 /dbg1)
  (net 43 /dbg2)
  (net 44 /dbg3)
  (net 45 "Net-(Q1-Pad1)")
  (net 46 "Net-(Q1-Pad3)")
  (net 47 "Net-(Q3-Pad1)")
  (net 48 /ws2815_en)
  (net 49 /led_rgb_r)
  (net 50 /led_rgb_g)
  (net 51 /led_rgb_b)
  (net 52 /led_green)
  (net 53 /ws2815_drv)
  (net 54 /pair_btn)
  (net 55 "Net-(U3-PadA8)")
  (net 56 "Net-(U3-PadB3)")
  (net 57 "Net-(U3-PadAB2)")
  (net 58 "Net-(U3-PadH2)")
  (net 59 "Net-(U3-PadB9)")
  (net 60 "Net-(U3-PadB11)")
  (net 61 "Net-(U3-PadB13)")
  (net 62 "Net-(U3-PadB15)")
  (net 63 "Net-(U3-PadB17)")
  (net 64 "Net-(U3-PadB19)")
  (net 65 "Net-(U3-PadA10)")
  (net 66 "Net-(U3-PadA18)")
  (net 67 "Net-(U3-PadA20)")
  (net 68 "Net-(U3-PadP23)")
  (net 69 "Net-(U3-PadT23)")
  (net 70 "Net-(U3-PadV23)")
  (net 71 "Net-(U3-PadY23)")
  (net 72 "Net-(U3-PadJ24)")
  (net 73 "Net-(U3-PadL24)")
  (net 74 "Net-(U3-PadU24)")
  (net 75 +LED_12V)
  (net 76 "Net-(U3-PadT2)")
  (net 77 "Net-(U3-PadR24)")
  (net 78 /env_cs)
  (net 79 /env_sdi)
  (net 80 /env_sck)
  (net 81 /env_sdo)
  (net 82 /~RTS)

  (net_class Default "This is the default net class."
    (clearance 0.0889)
    (trace_width 0.25)
    (via_dia 0.45)
    (via_drill 0.2)
    (uvia_dia 0.3)
    (uvia_drill 0.1)
    (add_net +12V)
    (add_net +5V)
    (add_net +LED_12V)
    (add_net /DEC1)
    (add_net /DEC3)
    (add_net /DEC4_6)
    (add_net /DEC5)
    (add_net /DECUSB)
    (add_net /RXD)
    (add_net /TXD)
    (add_net /dbg1)
    (add_net /dbg2)
    (add_net /dbg3)
    (add_net /env_cs)
    (add_net /env_sck)
    (add_net /env_sdi)
    (add_net /env_sdo)
    (add_net /led_green)
    (add_net /led_rgb_b)
    (add_net /led_rgb_g)
    (add_net /led_rgb_r)
    (add_net /pair_btn)
    (add_net /usb_dm)
    (add_net /usb_dp)
    (add_net /ws2815_drv)
    (add_net /ws2815_en)
    (add_net /~CTS)
    (add_net /~RTS)
    (add_net /~nrf_reset)
    (add_net GND)
    (add_net "Net-(C10-Pad2)")
    (add_net "Net-(C12-Pad2)")
    (add_net "Net-(C15-Pad1)")
    (add_net "Net-(C16-Pad1)")
    (add_net "Net-(C17-Pad1)")
    (add_net "Net-(C18-Pad1)")
    (add_net "Net-(C24-Pad2)")
    (add_net "Net-(C25-Pad2)")
    (add_net "Net-(D1-Pad1)")
    (add_net "Net-(D1-Pad2)")
    (add_net "Net-(D1-Pad3)")
    (add_net "Net-(D3-Pad1)")
    (add_net "Net-(FB1-Pad2)")
    (add_net "Net-(FB2-Pad2)")
    (add_net "Net-(J3-Pad2)")
    (add_net "Net-(J3-Pad4)")
    (add_net "Net-(J3-Pad6)")
    (add_net "Net-(J3-Pad7)")
    (add_net "Net-(J3-Pad8)")
    (add_net "Net-(J4-PadA5)")
    (add_net "Net-(J4-PadA8)")
    (add_net "Net-(J4-PadB5)")
    (add_net "Net-(J4-PadB8)")
    (add_net "Net-(J5-Pad2)")
    (add_net "Net-(J6-Pad3)")
    (add_net "Net-(Q1-Pad1)")
    (add_net "Net-(Q1-Pad3)")
    (add_net "Net-(Q3-Pad1)")
    (add_net "Net-(U3-PadA10)")
    (add_net "Net-(U3-PadA18)")
    (add_net "Net-(U3-PadA20)")
    (add_net "Net-(U3-PadA8)")
    (add_net "Net-(U3-PadAB2)")
    (add_net "Net-(U3-PadB11)")
    (add_net "Net-(U3-PadB13)")
    (add_net "Net-(U3-PadB15)")
    (add_net "Net-(U3-PadB17)")
    (add_net "Net-(U3-PadB19)")
    (add_net "Net-(U3-PadB3)")
    (add_net "Net-(U3-PadB9)")
    (add_net "Net-(U3-PadH2)")
    (add_net "Net-(U3-PadJ24)")
    (add_net "Net-(U3-PadL24)")
    (add_net "Net-(U3-PadP23)")
    (add_net "Net-(U3-PadR24)")
    (add_net "Net-(U3-PadT2)")
    (add_net "Net-(U3-PadT23)")
    (add_net "Net-(U3-PadU24)")
    (add_net "Net-(U3-PadV23)")
    (add_net "Net-(U3-PadY23)")
    (add_net VBUS)
    (add_net VCC)
  )

  (module Connector_Coaxial:SMA_Molex_73251-1153_EdgeMount_Horizontal (layer F.Cu) (tedit 5A1B666F) (tstamp 5DCF4438)
    (at 174.68 97.22 180)
    (descr "Molex SMA RF Connectors, Edge Mount, (http://www.molex.com/pdm_docs/sd/732511150_sd.pdf)")
    (tags "sma edge")
    (path /5DCA1E64)
    (attr smd)
    (fp_text reference J2 (at -1.5 7) (layer F.SilkS)
      (effects (font (size 1 1) (thickness 0.15)))
    )
    (fp_text value Conn_Coaxial (at -1.72 -7.11) (layer F.Fab)
      (effects (font (size 1 1) (thickness 0.15)))
    )
    (fp_text user %R (at -1.5 7) (layer F.Fab)
      (effects (font (size 1 1) (thickness 0.15)))
    )
    (fp_line (start 2.5 0.25) (end 2.5 -0.25) (layer F.Fab) (width 0.1))
    (fp_line (start 2 0) (end 2.5 0.25) (layer F.Fab) (width 0.1))
    (fp_line (start 2.5 -0.25) (end 2 0) (layer F.Fab) (width 0.1))
    (fp_line (start 2.5 0.25) (end 2 0) (layer F.SilkS) (width 0.12))
    (fp_line (start 2.5 -0.25) (end 2.5 0.25) (layer F.SilkS) (width 0.12))
    (fp_line (start 2 0) (end 2.5 -0.25) (layer F.SilkS) (width 0.12))
    (fp_line (start -4.76 -0.38) (end 0.49 -0.38) (layer F.Fab) (width 0.1))
    (fp_line (start -4.76 0.38) (end 0.49 0.38) (layer F.Fab) (width 0.1))
    (fp_line (start 0.49 -0.38) (end 0.49 0.38) (layer F.Fab) (width 0.1))
    (fp_line (start 0.49 3.75) (end 0.49 4.76) (layer F.Fab) (width 0.1))
    (fp_line (start 0.49 -4.76) (end 0.49 -3.75) (layer F.Fab) (width 0.1))
    (fp_line (start -14.29 -6.09) (end -14.29 6.09) (layer F.CrtYd) (width 0.05))
    (fp_line (start -14.29 6.09) (end 2.71 6.09) (layer F.CrtYd) (width 0.05))
    (fp_line (start 2.71 -6.09) (end 2.71 6.09) (layer B.CrtYd) (width 0.05))
    (fp_line (start -14.29 -6.09) (end 2.71 -6.09) (layer B.CrtYd) (width 0.05))
    (fp_line (start -14.29 -6.09) (end -14.29 6.09) (layer B.CrtYd) (width 0.05))
    (fp_line (start -14.29 6.09) (end 2.71 6.09) (layer B.CrtYd) (width 0.05))
    (fp_line (start 2.71 -6.09) (end 2.71 6.09) (layer F.CrtYd) (width 0.05))
    (fp_line (start 2.71 -6.09) (end -14.29 -6.09) (layer F.CrtYd) (width 0.05))
    (fp_line (start -4.76 -3.75) (end 0.49 -3.75) (layer F.Fab) (width 0.1))
    (fp_line (start -4.76 3.75) (end 0.49 3.75) (layer F.Fab) (width 0.1))
    (fp_line (start -13.79 -2.65) (end -5.91 -2.65) (layer F.Fab) (width 0.1))
    (fp_line (start -13.79 -2.65) (end -13.79 2.65) (layer F.Fab) (width 0.1))
    (fp_line (start -13.79 2.65) (end -5.91 2.65) (layer F.Fab) (width 0.1))
    (fp_line (start -4.76 -3.75) (end -4.76 3.75) (layer F.Fab) (width 0.1))
    (fp_line (start 0.49 -4.76) (end -5.91 -4.76) (layer F.Fab) (width 0.1))
    (fp_line (start -5.91 -4.76) (end -5.91 4.76) (layer F.Fab) (width 0.1))
    (fp_line (start -5.91 4.76) (end 0.49 4.76) (layer F.Fab) (width 0.1))
    (pad 1 smd rect (at -1.72 0 180) (size 5.08 2.29) (layers F.Cu F.Paste F.Mask)
      (net 8 "Net-(C10-Pad2)"))
    (pad 2 smd rect (at -1.72 -4.38 180) (size 5.08 2.42) (layers F.Cu F.Paste F.Mask)
      (net 2 GND))
    (pad 2 smd rect (at -1.72 4.38 180) (size 5.08 2.42) (layers F.Cu F.Paste F.Mask)
      (net 2 GND))
    (pad 2 smd rect (at -1.72 -4.38 180) (size 5.08 2.42) (layers B.Cu B.Paste B.Mask)
      (net 2 GND))
    (pad 2 smd rect (at -1.72 4.38 180) (size 5.08 2.42) (layers B.Cu B.Paste B.Mask)
      (net 2 GND))
    (pad 2 thru_hole circle (at 1.72 -4.38 180) (size 0.97 0.97) (drill 0.46) (layers *.Cu)
      (net 2 GND))
    (pad 2 thru_hole circle (at 1.72 4.38 180) (size 0.97 0.97) (drill 0.46) (layers *.Cu)
      (net 2 GND))
    (pad 2 smd rect (at 1.27 -4.38 180) (size 0.95 0.46) (layers F.Cu)
      (net 2 GND))
    (pad 2 smd rect (at 1.27 4.38 180) (size 0.95 0.46) (layers F.Cu)
      (net 2 GND))
    (pad 2 smd rect (at 1.27 -4.38 180) (size 0.95 0.46) (layers B.Cu)
      (net 2 GND))
    (pad 2 smd rect (at 1.27 4.38 180) (size 0.95 0.46) (layers B.Cu)
      (net 2 GND))
    (model ${KISYS3DMOD}/Connector_Coaxial.3dshapes/SMA_Molex_73251-1153_EdgeMount_Horizontal.wrl
      (at (xyz 0 0 0))
      (scale (xyz 1 1 1))
      (rotate (xyz 0 0 0))
    )
  )

  (module Inductor_SMD:L_0805_2012Metric_Pad1.15x1.40mm_HandSolder (layer F.Cu) (tedit 5B36C52B) (tstamp 5DCF414A)
    (at 92.375 89.6 180)
    (descr "Capacitor SMD 0805 (2012 Metric), square (rectangular) end terminal, IPC_7351 nominal with elongated pad for handsoldering. (Body size source: https://docs.google.com/spreadsheets/d/1BsfQQcO9C6DZCsRaXUlFlo91Tg2WpOkGARC1WS5S8t0/edit?usp=sharing), generated with kicad-footprint-generator")
    (tags "inductor handsolder")
    (path /5ECFDA1C)
    (attr smd)
    (fp_text reference FB1 (at -4.025 0 180) (layer F.SilkS)
      (effects (font (size 1 1) (thickness 0.15)))
    )
    (fp_text value 120R/0.80A (at 0 1.65) (layer F.Fab) hide
      (effects (font (size 1 1) (thickness 0.15)))
    )
    (fp_line (start -1 0.6) (end -1 -0.6) (layer F.Fab) (width 0.1))
    (fp_line (start -1 -0.6) (end 1 -0.6) (layer F.Fab) (width 0.1))
    (fp_line (start 1 -0.6) (end 1 0.6) (layer F.Fab) (width 0.1))
    (fp_line (start 1 0.6) (end -1 0.6) (layer F.Fab) (width 0.1))
    (fp_line (start -0.261252 -0.71) (end 0.261252 -0.71) (layer F.SilkS) (width 0.12))
    (fp_line (start -0.261252 0.71) (end 0.261252 0.71) (layer F.SilkS) (width 0.12))
    (fp_line (start -1.85 0.95) (end -1.85 -0.95) (layer F.CrtYd) (width 0.05))
    (fp_line (start -1.85 -0.95) (end 1.85 -0.95) (layer F.CrtYd) (width 0.05))
    (fp_line (start 1.85 -0.95) (end 1.85 0.95) (layer F.CrtYd) (width 0.05))
    (fp_line (start 1.85 0.95) (end -1.85 0.95) (layer F.CrtYd) (width 0.05))
    (fp_text user %R (at 0 0) (layer F.Fab)
      (effects (font (size 0.5 0.5) (thickness 0.08)))
    )
    (pad 1 smd roundrect (at -1.025 0 180) (size 1.15 1.4) (layers F.Cu F.Paste F.Mask) (roundrect_rratio 0.217391)
      (net 2 GND))
    (pad 2 smd roundrect (at 1.025 0 180) (size 1.15 1.4) (layers F.Cu F.Paste F.Mask) (roundrect_rratio 0.217391)
      (net 26 "Net-(FB1-Pad2)"))
    (model ${KISYS3DMOD}/Inductor_SMD.3dshapes/L_0805_2012Metric.wrl
      (at (xyz 0 0 0))
      (scale (xyz 1 1 1))
      (rotate (xyz 0 0 0))
    )
  )

  (module Package_DFN_QFN:Nordic_AQFN-73-1EP_7x7mm_P0.5mm (layer F.Cu) (tedit 5A55E2FA) (tstamp 5DCE293D)
    (at 155.1175 98.0225)
    (descr http://infocenter.nordicsemi.com/index.jsp?topic=%2Fcom.nordic.infocenter.nrf52%2Fdita%2Fnrf52%2Fchips%2Fnrf52840.html)
    (tags "AQFN 7mm ")
    (path /5DC998CE)
    (attr smd)
    (fp_text reference U3 (at 4.8825 2.7075) (layer F.SilkS)
      (effects (font (size 1 1) (thickness 0.15)))
    )
    (fp_text value nRF52840 (at 0.03 5.72) (layer F.Fab) hide
      (effects (font (size 1 1) (thickness 0.15)))
    )
    (fp_text user %R (at 0 0) (layer F.Fab)
      (effects (font (size 1 1) (thickness 0.15)))
    )
    (fp_line (start 3.81 -3.81) (end 3.81 3.81) (layer F.CrtYd) (width 0.05))
    (fp_line (start 3.81 3.81) (end -3.81 3.81) (layer F.CrtYd) (width 0.05))
    (fp_line (start -3.81 3.81) (end -3.81 -3.81) (layer F.CrtYd) (width 0.05))
    (fp_line (start -3.81 -3.81) (end 3.81 -3.81) (layer F.CrtYd) (width 0.05))
    (fp_line (start -3.61 -3.61) (end -3.05 -3.61) (layer F.SilkS) (width 0.12))
    (fp_line (start -3.61 3.61) (end -3.61 3.05) (layer F.SilkS) (width 0.12))
    (fp_line (start -3.61 3.61) (end -3.05 3.61) (layer F.SilkS) (width 0.12))
    (fp_line (start 3.61 3.61) (end 3.05 3.61) (layer F.SilkS) (width 0.12))
    (fp_line (start 3.61 3.61) (end 3.61 3.05) (layer F.SilkS) (width 0.12))
    (fp_line (start 3.61 -3.61) (end 3.61 -3.05) (layer F.SilkS) (width 0.12))
    (fp_line (start 3.61 -3.61) (end 3.05 -3.61) (layer F.SilkS) (width 0.12))
    (fp_line (start -3.5 -3) (end -3 -3.5) (layer F.Fab) (width 0.1))
    (fp_line (start 3.5 -3.5) (end 3.5 3.5) (layer F.Fab) (width 0.1))
    (fp_line (start -3.5 3.5) (end 3.5 3.5) (layer F.Fab) (width 0.1))
    (fp_line (start -3.5 -3) (end -3.5 3.5) (layer F.Fab) (width 0.1))
    (fp_line (start -3 -3.5) (end 3.5 -3.5) (layer F.Fab) (width 0.1))
    (pad "" smd rect (at 1.2125 1.2125 180) (size 2 2) (layers F.Paste))
    (pad "" smd rect (at -1.2125 1.2125 180) (size 2 2) (layers F.Paste))
    (pad "" smd rect (at 1.2125 -1.2125 180) (size 2 2) (layers F.Paste))
    (pad "" smd rect (at -1.2125 -1.2125 180) (size 2 2) (layers F.Paste))
    (pad EP smd rect (at 0 0 180) (size 4.85 4.85) (layers F.Cu F.Mask)
      (net 2 GND))
    (pad B24 smd circle (at 3.25 -2.75 180) (size 0.25 0.25) (layers F.Cu F.Paste F.Mask)
      (net 12 "Net-(C16-Pad1)"))
    (pad D23 smd circle (at 2.75 -2 180) (size 0.25 0.25) (layers F.Cu F.Paste F.Mask)
      (net 3 /DEC3))
    (pad A8 smd circle (at -1.25 -3.25 180) (size 0.25 0.25) (layers F.Cu F.Paste F.Mask)
      (net 55 "Net-(U3-PadA8)"))
    (pad B3 smd circle (at -2.5 -2.75 180) (size 0.25 0.25) (layers F.Cu F.Paste F.Mask)
      (net 56 "Net-(U3-PadB3)"))
    (pad AC21 smd circle (at 2 2.75 180) (size 0.25 0.25) (layers F.Cu F.Paste F.Mask)
      (net 5 /~nrf_reset))
    (pad AD23 smd circle (at 2.75 3.25 180) (size 0.25 0.25) (layers F.Cu F.Paste F.Mask)
      (net 1 VCC))
    (pad AD2 smd circle (at -2.75 3.25 180) (size 0.25 0.25) (layers F.Cu F.Paste F.Mask)
      (net 16 VBUS))
    (pad AB2 smd circle (at -2.75 2.5 180) (size 0.25 0.25) (layers F.Cu F.Paste F.Mask)
      (net 57 "Net-(U3-PadAB2)"))
    (pad Y2 smd circle (at -2.75 2 180) (size 0.25 0.25) (layers F.Cu F.Paste F.Mask)
      (net 1 VCC))
    (pad W1 smd circle (at -3.25 1.75 180) (size 0.25 0.25) (layers F.Cu F.Paste F.Mask)
      (net 1 VCC))
    (pad U1 smd circle (at -3.25 1.25 180) (size 0.25 0.25) (layers F.Cu F.Paste F.Mask)
      (net 53 /ws2815_drv))
    (pad R1 smd circle (at -3.25 0.75 180) (size 0.25 0.25) (layers F.Cu F.Paste F.Mask)
      (net 38 /~CTS))
    (pad N1 smd circle (at -3.25 0.25 180) (size 0.25 0.25) (layers F.Cu F.Paste F.Mask)
      (net 41 /RXD))
    (pad L1 smd circle (at -3.25 -0.25 180) (size 0.25 0.25) (layers F.Cu F.Paste F.Mask)
      (net 40 /TXD))
    (pad J1 smd circle (at -3.25 -0.75 180) (size 0.25 0.25) (layers F.Cu F.Paste F.Mask)
      (net 82 /~RTS))
    (pad G1 smd circle (at -3.25 -1.25 180) (size 0.25 0.25) (layers F.Cu F.Paste F.Mask)
      (net 48 /ws2815_en))
    (pad T2 smd circle (at -2.75 1 180) (size 0.25 0.25) (layers F.Cu F.Paste F.Mask)
      (net 76 "Net-(U3-PadT2)"))
    (pad P2 smd circle (at -2.75 0.5 180) (size 0.25 0.25) (layers F.Cu F.Paste F.Mask)
      (net 38 /~CTS))
    (pad M2 smd circle (at -2.75 0 180) (size 0.25 0.25) (layers F.Cu F.Paste F.Mask)
      (net 38 /~CTS))
    (pad K2 smd circle (at -2.75 -0.5 180) (size 0.25 0.25) (layers F.Cu F.Paste F.Mask)
      (net 82 /~RTS))
    (pad H2 smd circle (at -2.75 -1 180) (size 0.25 0.25) (layers F.Cu F.Paste F.Mask)
      (net 58 "Net-(U3-PadH2)"))
    (pad F2 smd circle (at -2.75 -1.5 180) (size 0.25 0.25) (layers F.Cu F.Paste F.Mask)
      (net 18 "Net-(C25-Pad2)"))
    (pad C1 smd circle (at -3.25 -2.25 180) (size 0.25 0.25) (layers F.Cu F.Paste F.Mask)
      (net 15 /DEC1))
    (pad D2 smd circle (at -2.75 -2 180) (size 0.25 0.25) (layers F.Cu F.Paste F.Mask)
      (net 17 "Net-(C24-Pad2)"))
    (pad B1 smd circle (at -3.25 -2.75 180) (size 0.25 0.25) (layers F.Cu F.Paste F.Mask)
      (net 1 VCC))
    (pad AD4 smd circle (at -2.25 3.25 180) (size 0.25 0.25) (layers F.Cu F.Paste F.Mask)
      (net 23 /usb_dm))
    (pad AD6 smd circle (at -1.75 3.25 180) (size 0.25 0.25) (layers F.Cu F.Paste F.Mask)
      (net 24 /usb_dp))
    (pad AD8 smd circle (at -1.25 3.25 180) (size 0.25 0.25) (layers F.Cu F.Paste F.Mask)
      (net 52 /led_green))
    (pad AD10 smd circle (at -0.75 3.25 180) (size 0.25 0.25) (layers F.Cu F.Paste F.Mask)
      (net 50 /led_rgb_g))
    (pad AD12 smd circle (at -0.25 3.25 180) (size 0.25 0.25) (layers F.Cu F.Paste F.Mask)
      (net 51 /led_rgb_b))
    (pad AD14 smd circle (at 0.25 3.25 180) (size 0.25 0.25) (layers F.Cu F.Paste F.Mask)
      (net 1 VCC))
    (pad AD16 smd circle (at 0.75 3.25 180) (size 0.25 0.25) (layers F.Cu F.Paste F.Mask)
      (net 80 /env_sck))
    (pad AD18 smd circle (at 1.25 3.25 180) (size 0.25 0.25) (layers F.Cu F.Paste F.Mask)
      (net 79 /env_sdi))
    (pad AD20 smd circle (at 1.75 3.25 180) (size 0.25 0.25) (layers F.Cu F.Paste F.Mask)
      (net 78 /env_cs))
    (pad AD22 smd circle (at 2.25 3.25 180) (size 0.25 0.25) (layers F.Cu F.Paste F.Mask)
      (net 81 /env_sdo))
    (pad AC19 smd circle (at 1.5 2.75 180) (size 0.25 0.25) (layers F.Cu F.Paste F.Mask)
      (net 5 /~nrf_reset))
    (pad AC17 smd circle (at 1 2.75 180) (size 0.25 0.25) (layers F.Cu F.Paste F.Mask)
      (net 5 /~nrf_reset))
    (pad AC15 smd circle (at 0.5 2.75 180) (size 0.25 0.25) (layers F.Cu F.Paste F.Mask)
      (net 5 /~nrf_reset))
    (pad AC13 smd circle (at 0 2.75 180) (size 0.25 0.25) (layers F.Cu F.Paste F.Mask)
      (net 5 /~nrf_reset))
    (pad AC11 smd circle (at -0.5 2.75 180) (size 0.25 0.25) (layers F.Cu F.Paste F.Mask)
      (net 51 /led_rgb_b))
    (pad AC9 smd circle (at -1 2.75 180) (size 0.25 0.25) (layers F.Cu F.Paste F.Mask)
      (net 49 /led_rgb_r))
    (pad AC5 smd circle (at -2 2.75 180) (size 0.25 0.25) (layers F.Cu F.Paste F.Mask)
      (net 7 /DECUSB))
    (pad B5 smd circle (at -2 -2.75 180) (size 0.25 0.25) (layers F.Cu F.Paste F.Mask)
      (net 4 /DEC4_6))
    (pad B7 smd circle (at -1.5 -2.75 180) (size 0.25 0.25) (layers F.Cu F.Paste F.Mask)
      (net 2 GND))
    (pad B9 smd circle (at -1 -2.75 180) (size 0.25 0.25) (layers F.Cu F.Paste F.Mask)
      (net 59 "Net-(U3-PadB9)"))
    (pad B11 smd circle (at -0.5 -2.75 180) (size 0.25 0.25) (layers F.Cu F.Paste F.Mask)
      (net 60 "Net-(U3-PadB11)"))
    (pad B13 smd circle (at 0 -2.75 180) (size 0.25 0.25) (layers F.Cu F.Paste F.Mask)
      (net 61 "Net-(U3-PadB13)"))
    (pad B15 smd circle (at 0.5 -2.75 180) (size 0.25 0.25) (layers F.Cu F.Paste F.Mask)
      (net 62 "Net-(U3-PadB15)"))
    (pad B17 smd circle (at 1 -2.75 180) (size 0.25 0.25) (layers F.Cu F.Paste F.Mask)
      (net 63 "Net-(U3-PadB17)"))
    (pad B19 smd circle (at 1.5 -2.75 180) (size 0.25 0.25) (layers F.Cu F.Paste F.Mask)
      (net 64 "Net-(U3-PadB19)"))
    (pad A10 smd circle (at -0.75 -3.25 180) (size 0.25 0.25) (layers F.Cu F.Paste F.Mask)
      (net 65 "Net-(U3-PadA10)"))
    (pad A12 smd circle (at -0.25 -3.25 180) (size 0.25 0.25) (layers F.Cu F.Paste F.Mask)
      (net 44 /dbg3))
    (pad A14 smd circle (at 0.25 -3.25 180) (size 0.25 0.25) (layers F.Cu F.Paste F.Mask)
      (net 43 /dbg2))
    (pad A16 smd circle (at 0.75 -3.25 180) (size 0.25 0.25) (layers F.Cu F.Paste F.Mask)
      (net 42 /dbg1))
    (pad A18 smd circle (at 1.25 -3.25 180) (size 0.25 0.25) (layers F.Cu F.Paste F.Mask)
      (net 66 "Net-(U3-PadA18)"))
    (pad A20 smd circle (at 1.75 -3.25 180) (size 0.25 0.25) (layers F.Cu F.Paste F.Mask)
      (net 67 "Net-(U3-PadA20)"))
    (pad A22 smd circle (at 2.25 -3.25 180) (size 0.25 0.25) (layers F.Cu F.Paste F.Mask)
      (net 1 VCC))
    (pad A23 smd circle (at 2.75 -3.25 180) (size 0.25 0.25) (layers F.Cu F.Paste F.Mask)
      (net 13 "Net-(C17-Pad1)"))
    (pad F23 smd circle (at 2.75 -1.5 180) (size 0.25 0.25) (layers F.Cu F.Paste F.Mask)
      (net 2 GND))
    (pad H23 smd circle (at 2.75 -1 180) (size 0.25 0.25) (layers F.Cu F.Paste F.Mask)
      (net 11 "Net-(C15-Pad1)"))
    (pad P23 smd circle (at 2.75 0.5 180) (size 0.25 0.25) (layers F.Cu F.Paste F.Mask)
      (net 68 "Net-(U3-PadP23)"))
    (pad T23 smd circle (at 2.75 1 180) (size 0.25 0.25) (layers F.Cu F.Paste F.Mask)
      (net 69 "Net-(U3-PadT23)"))
    (pad V23 smd circle (at 2.75 1.5 180) (size 0.25 0.25) (layers F.Cu F.Paste F.Mask)
      (net 70 "Net-(U3-PadV23)"))
    (pad Y23 smd circle (at 2.75 2 180) (size 0.25 0.25) (layers F.Cu F.Paste F.Mask)
      (net 71 "Net-(U3-PadY23)"))
    (pad E24 smd circle (at 3.25 -1.75 180) (size 0.25 0.25) (layers F.Cu F.Paste F.Mask)
      (net 4 /DEC4_6))
    (pad J24 smd circle (at 3.25 -0.75 180) (size 0.25 0.25) (layers F.Cu F.Paste F.Mask)
      (net 72 "Net-(U3-PadJ24)"))
    (pad L24 smd circle (at 3.25 -0.25 180) (size 0.25 0.25) (layers F.Cu F.Paste F.Mask)
      (net 73 "Net-(U3-PadL24)"))
    (pad N24 smd circle (at 3.25 0.25 180) (size 0.25 0.25) (layers F.Cu F.Paste F.Mask)
      (net 6 /DEC5))
    (pad R24 smd circle (at 3.25 0.75 180) (size 0.25 0.25) (layers F.Cu F.Paste F.Mask)
      (net 77 "Net-(U3-PadR24)"))
    (pad U24 smd circle (at 3.25 1.25 180) (size 0.25 0.25) (layers F.Cu F.Paste F.Mask)
      (net 74 "Net-(U3-PadU24)"))
    (pad W24 smd circle (at 3.25 1.75 180) (size 0.25 0.25) (layers F.Cu F.Paste F.Mask)
      (net 54 /pair_btn))
    (pad AA24 smd circle (at 3.25 2.25 180) (size 0.25 0.25) (layers F.Cu F.Paste F.Mask)
      (net 29 "Net-(J3-Pad4)"))
    (pad AC24 smd circle (at 3.25 2.75 180) (size 0.25 0.25) (layers F.Cu F.Paste F.Mask)
      (net 28 "Net-(J3-Pad2)"))
    (model ${KISYS3DMOD}/Package_DFN_QFN.3dshapes/Nordic_AQFN-73-1EP_7x7mm_P0.5mm.wrl
      (at (xyz 0 0 0))
      (scale (xyz 1 1 1))
      (rotate (xyz 0 0 0))
    )
  )

  (module Capacitor_SMD:C_0805_2012Metric_Pad1.15x1.40mm_HandSolder (layer F.Cu) (tedit 5B36C52B) (tstamp 5DCD3A14)
    (at 147.25 101.655)
    (descr "Capacitor SMD 0805 (2012 Metric), square (rectangular) end terminal, IPC_7351 nominal with elongated pad for handsoldering. (Body size source: https://docs.google.com/spreadsheets/d/1BsfQQcO9C6DZCsRaXUlFlo91Tg2WpOkGARC1WS5S8t0/edit?usp=sharing), generated with kicad-footprint-generator")
    (tags "capacitor handsolder")
    (path /5E0D46E5)
    (attr smd)
    (fp_text reference C1 (at -3.17 0.105) (layer F.SilkS)
      (effects (font (size 1 1) (thickness 0.15)))
    )
    (fp_text value 4.7uF (at 0 1.65) (layer F.Fab)
      (effects (font (size 1 1) (thickness 0.15)))
    )
    (fp_text user %R (at 0 0) (layer F.Fab)
      (effects (font (size 0.5 0.5) (thickness 0.08)))
    )
    (fp_line (start 1.85 0.95) (end -1.85 0.95) (layer F.CrtYd) (width 0.05))
    (fp_line (start 1.85 -0.95) (end 1.85 0.95) (layer F.CrtYd) (width 0.05))
    (fp_line (start -1.85 -0.95) (end 1.85 -0.95) (layer F.CrtYd) (width 0.05))
    (fp_line (start -1.85 0.95) (end -1.85 -0.95) (layer F.CrtYd) (width 0.05))
    (fp_line (start -0.261252 0.71) (end 0.261252 0.71) (layer F.SilkS) (width 0.12))
    (fp_line (start -0.261252 -0.71) (end 0.261252 -0.71) (layer F.SilkS) (width 0.12))
    (fp_line (start 1 0.6) (end -1 0.6) (layer F.Fab) (width 0.1))
    (fp_line (start 1 -0.6) (end 1 0.6) (layer F.Fab) (width 0.1))
    (fp_line (start -1 -0.6) (end 1 -0.6) (layer F.Fab) (width 0.1))
    (fp_line (start -1 0.6) (end -1 -0.6) (layer F.Fab) (width 0.1))
    (pad 2 smd roundrect (at 1.025 0) (size 1.15 1.4) (layers F.Cu F.Paste F.Mask) (roundrect_rratio 0.217391)
      (net 1 VCC))
    (pad 1 smd roundrect (at -1.025 0) (size 1.15 1.4) (layers F.Cu F.Paste F.Mask) (roundrect_rratio 0.217391)
      (net 2 GND))
    (model ${KISYS3DMOD}/Capacitor_SMD.3dshapes/C_0805_2012Metric.wrl
      (at (xyz 0 0 0))
      (scale (xyz 1 1 1))
      (rotate (xyz 0 0 0))
    )
  )

  (module Capacitor_SMD:C_0603_1608Metric_Pad1.05x0.95mm_HandSolder (layer F.Cu) (tedit 5B301BBE) (tstamp 5DCD3A25)
    (at 161.975 93.2 180)
    (descr "Capacitor SMD 0603 (1608 Metric), square (rectangular) end terminal, IPC_7351 nominal with elongated pad for handsoldering. (Body size source: http://www.tortai-tech.com/upload/download/2011102023233369053.pdf), generated with kicad-footprint-generator")
    (tags "capacitor handsolder")
    (path /5E3ECECC)
    (attr smd)
    (fp_text reference C2 (at -2.945 -0.13) (layer F.SilkS)
      (effects (font (size 1 1) (thickness 0.15)))
    )
    (fp_text value 100pF (at 0 1.43) (layer F.Fab)
      (effects (font (size 1 1) (thickness 0.15)))
    )
    (fp_line (start -0.8 0.4) (end -0.8 -0.4) (layer F.Fab) (width 0.1))
    (fp_line (start -0.8 -0.4) (end 0.8 -0.4) (layer F.Fab) (width 0.1))
    (fp_line (start 0.8 -0.4) (end 0.8 0.4) (layer F.Fab) (width 0.1))
    (fp_line (start 0.8 0.4) (end -0.8 0.4) (layer F.Fab) (width 0.1))
    (fp_line (start -0.171267 -0.51) (end 0.171267 -0.51) (layer F.SilkS) (width 0.12))
    (fp_line (start -0.171267 0.51) (end 0.171267 0.51) (layer F.SilkS) (width 0.12))
    (fp_line (start -1.65 0.73) (end -1.65 -0.73) (layer F.CrtYd) (width 0.05))
    (fp_line (start -1.65 -0.73) (end 1.65 -0.73) (layer F.CrtYd) (width 0.05))
    (fp_line (start 1.65 -0.73) (end 1.65 0.73) (layer F.CrtYd) (width 0.05))
    (fp_line (start 1.65 0.73) (end -1.65 0.73) (layer F.CrtYd) (width 0.05))
    (fp_text user %R (at 0 0) (layer F.Fab)
      (effects (font (size 0.4 0.4) (thickness 0.06)))
    )
    (pad 1 smd roundrect (at -0.875 0 180) (size 1.05 0.95) (layers F.Cu F.Paste F.Mask) (roundrect_rratio 0.25)
      (net 2 GND))
    (pad 2 smd roundrect (at 0.875 0 180) (size 1.05 0.95) (layers F.Cu F.Paste F.Mask) (roundrect_rratio 0.25)
      (net 3 /DEC3))
    (model ${KISYS3DMOD}/Capacitor_SMD.3dshapes/C_0603_1608Metric.wrl
      (at (xyz 0 0 0))
      (scale (xyz 1 1 1))
      (rotate (xyz 0 0 0))
    )
  )

  (module Capacitor_SMD:C_0603_1608Metric_Pad1.05x0.95mm_HandSolder (layer F.Cu) (tedit 5B301BBE) (tstamp 5DCD3A36)
    (at 151.75 90.595 270)
    (descr "Capacitor SMD 0603 (1608 Metric), square (rectangular) end terminal, IPC_7351 nominal with elongated pad for handsoldering. (Body size source: http://www.tortai-tech.com/upload/download/2011102023233369053.pdf), generated with kicad-footprint-generator")
    (tags "capacitor handsolder")
    (path /5E3227C8)
    (attr smd)
    (fp_text reference C3 (at -2.845 -0.03 90) (layer F.SilkS)
      (effects (font (size 1 1) (thickness 0.15)))
    )
    (fp_text value 1uF (at 0 1.43 90) (layer F.Fab)
      (effects (font (size 1 1) (thickness 0.15)))
    )
    (fp_text user %R (at 0 0 90) (layer F.Fab)
      (effects (font (size 0.4 0.4) (thickness 0.06)))
    )
    (fp_line (start 1.65 0.73) (end -1.65 0.73) (layer F.CrtYd) (width 0.05))
    (fp_line (start 1.65 -0.73) (end 1.65 0.73) (layer F.CrtYd) (width 0.05))
    (fp_line (start -1.65 -0.73) (end 1.65 -0.73) (layer F.CrtYd) (width 0.05))
    (fp_line (start -1.65 0.73) (end -1.65 -0.73) (layer F.CrtYd) (width 0.05))
    (fp_line (start -0.171267 0.51) (end 0.171267 0.51) (layer F.SilkS) (width 0.12))
    (fp_line (start -0.171267 -0.51) (end 0.171267 -0.51) (layer F.SilkS) (width 0.12))
    (fp_line (start 0.8 0.4) (end -0.8 0.4) (layer F.Fab) (width 0.1))
    (fp_line (start 0.8 -0.4) (end 0.8 0.4) (layer F.Fab) (width 0.1))
    (fp_line (start -0.8 -0.4) (end 0.8 -0.4) (layer F.Fab) (width 0.1))
    (fp_line (start -0.8 0.4) (end -0.8 -0.4) (layer F.Fab) (width 0.1))
    (pad 2 smd roundrect (at 0.875 0 270) (size 1.05 0.95) (layers F.Cu F.Paste F.Mask) (roundrect_rratio 0.25)
      (net 1 VCC))
    (pad 1 smd roundrect (at -0.875 0 270) (size 1.05 0.95) (layers F.Cu F.Paste F.Mask) (roundrect_rratio 0.25)
      (net 2 GND))
    (model ${KISYS3DMOD}/Capacitor_SMD.3dshapes/C_0603_1608Metric.wrl
      (at (xyz 0 0 0))
      (scale (xyz 1 1 1))
      (rotate (xyz 0 0 0))
    )
  )

  (module Capacitor_SMD:C_0603_1608Metric_Pad1.05x0.95mm_HandSolder (layer F.Cu) (tedit 5B301BBE) (tstamp 5DCD3A47)
    (at 153.66 90.655 270)
    (descr "Capacitor SMD 0603 (1608 Metric), square (rectangular) end terminal, IPC_7351 nominal with elongated pad for handsoldering. (Body size source: http://www.tortai-tech.com/upload/download/2011102023233369053.pdf), generated with kicad-footprint-generator")
    (tags "capacitor handsolder")
    (path /5E234812)
    (attr smd)
    (fp_text reference C4 (at -2.855 0.01 90) (layer F.SilkS)
      (effects (font (size 1 1) (thickness 0.15)))
    )
    (fp_text value 1uF (at 0 1.43 90) (layer F.Fab)
      (effects (font (size 1 1) (thickness 0.15)))
    )
    (fp_text user %R (at 0 0 90) (layer F.Fab)
      (effects (font (size 0.4 0.4) (thickness 0.06)))
    )
    (fp_line (start 1.65 0.73) (end -1.65 0.73) (layer F.CrtYd) (width 0.05))
    (fp_line (start 1.65 -0.73) (end 1.65 0.73) (layer F.CrtYd) (width 0.05))
    (fp_line (start -1.65 -0.73) (end 1.65 -0.73) (layer F.CrtYd) (width 0.05))
    (fp_line (start -1.65 0.73) (end -1.65 -0.73) (layer F.CrtYd) (width 0.05))
    (fp_line (start -0.171267 0.51) (end 0.171267 0.51) (layer F.SilkS) (width 0.12))
    (fp_line (start -0.171267 -0.51) (end 0.171267 -0.51) (layer F.SilkS) (width 0.12))
    (fp_line (start 0.8 0.4) (end -0.8 0.4) (layer F.Fab) (width 0.1))
    (fp_line (start 0.8 -0.4) (end 0.8 0.4) (layer F.Fab) (width 0.1))
    (fp_line (start -0.8 -0.4) (end 0.8 -0.4) (layer F.Fab) (width 0.1))
    (fp_line (start -0.8 0.4) (end -0.8 -0.4) (layer F.Fab) (width 0.1))
    (pad 2 smd roundrect (at 0.875 0 270) (size 1.05 0.95) (layers F.Cu F.Paste F.Mask) (roundrect_rratio 0.25)
      (net 4 /DEC4_6))
    (pad 1 smd roundrect (at -0.875 0 270) (size 1.05 0.95) (layers F.Cu F.Paste F.Mask) (roundrect_rratio 0.25)
      (net 2 GND))
    (model ${KISYS3DMOD}/Capacitor_SMD.3dshapes/C_0603_1608Metric.wrl
      (at (xyz 0 0 0))
      (scale (xyz 1 1 1))
      (rotate (xyz 0 0 0))
    )
  )

  (module Capacitor_SMD:C_0603_1608Metric_Pad1.05x0.95mm_HandSolder (layer F.Cu) (tedit 5B301BBE) (tstamp 5DD01546)
    (at 165.69082 115.68422 90)
    (descr "Capacitor SMD 0603 (1608 Metric), square (rectangular) end terminal, IPC_7351 nominal with elongated pad for handsoldering. (Body size source: http://www.tortai-tech.com/upload/download/2011102023233369053.pdf), generated with kicad-footprint-generator")
    (tags "capacitor handsolder")
    (path /5E5FBF67)
    (attr smd)
    (fp_text reference C5 (at 3.06178 -0.02318 90) (layer F.SilkS)
      (effects (font (size 1 1) (thickness 0.15)))
    )
    (fp_text value 100nF (at 0 1.43 90) (layer F.Fab) hide
      (effects (font (size 1 1) (thickness 0.15)))
    )
    (fp_line (start -0.8 0.4) (end -0.8 -0.4) (layer F.Fab) (width 0.1))
    (fp_line (start -0.8 -0.4) (end 0.8 -0.4) (layer F.Fab) (width 0.1))
    (fp_line (start 0.8 -0.4) (end 0.8 0.4) (layer F.Fab) (width 0.1))
    (fp_line (start 0.8 0.4) (end -0.8 0.4) (layer F.Fab) (width 0.1))
    (fp_line (start -0.171267 -0.51) (end 0.171267 -0.51) (layer F.SilkS) (width 0.12))
    (fp_line (start -0.171267 0.51) (end 0.171267 0.51) (layer F.SilkS) (width 0.12))
    (fp_line (start -1.65 0.73) (end -1.65 -0.73) (layer F.CrtYd) (width 0.05))
    (fp_line (start -1.65 -0.73) (end 1.65 -0.73) (layer F.CrtYd) (width 0.05))
    (fp_line (start 1.65 -0.73) (end 1.65 0.73) (layer F.CrtYd) (width 0.05))
    (fp_line (start 1.65 0.73) (end -1.65 0.73) (layer F.CrtYd) (width 0.05))
    (fp_text user %R (at 0 0 90) (layer F.Fab)
      (effects (font (size 0.4 0.4) (thickness 0.06)))
    )
    (pad 1 smd roundrect (at -0.875 0 90) (size 1.05 0.95) (layers F.Cu F.Paste F.Mask) (roundrect_rratio 0.25)
      (net 2 GND))
    (pad 2 smd roundrect (at 0.875 0 90) (size 1.05 0.95) (layers F.Cu F.Paste F.Mask) (roundrect_rratio 0.25)
      (net 5 /~nrf_reset))
    (model ${KISYS3DMOD}/Capacitor_SMD.3dshapes/C_0603_1608Metric.wrl
      (at (xyz 0 0 0))
      (scale (xyz 1 1 1))
      (rotate (xyz 0 0 0))
    )
  )

  (module Capacitor_SMD:C_0603_1608Metric_Pad1.05x0.95mm_HandSolder (layer F.Cu) (tedit 5B301BBE) (tstamp 5DCD3A69)
    (at 157.474 90.487 90)
    (descr "Capacitor SMD 0603 (1608 Metric), square (rectangular) end terminal, IPC_7351 nominal with elongated pad for handsoldering. (Body size source: http://www.tortai-tech.com/upload/download/2011102023233369053.pdf), generated with kicad-footprint-generator")
    (tags "capacitor handsolder")
    (path /5E2DD6EC)
    (attr smd)
    (fp_text reference C6 (at 3.257 0.096 90) (layer F.SilkS)
      (effects (font (size 1 1) (thickness 0.15)))
    )
    (fp_text value 100nF (at 0 1.43 90) (layer F.Fab)
      (effects (font (size 1 1) (thickness 0.15)))
    )
    (fp_text user %R (at 0 0 90) (layer F.Fab)
      (effects (font (size 0.4 0.4) (thickness 0.06)))
    )
    (fp_line (start 1.65 0.73) (end -1.65 0.73) (layer F.CrtYd) (width 0.05))
    (fp_line (start 1.65 -0.73) (end 1.65 0.73) (layer F.CrtYd) (width 0.05))
    (fp_line (start -1.65 -0.73) (end 1.65 -0.73) (layer F.CrtYd) (width 0.05))
    (fp_line (start -1.65 0.73) (end -1.65 -0.73) (layer F.CrtYd) (width 0.05))
    (fp_line (start -0.171267 0.51) (end 0.171267 0.51) (layer F.SilkS) (width 0.12))
    (fp_line (start -0.171267 -0.51) (end 0.171267 -0.51) (layer F.SilkS) (width 0.12))
    (fp_line (start 0.8 0.4) (end -0.8 0.4) (layer F.Fab) (width 0.1))
    (fp_line (start 0.8 -0.4) (end 0.8 0.4) (layer F.Fab) (width 0.1))
    (fp_line (start -0.8 -0.4) (end 0.8 -0.4) (layer F.Fab) (width 0.1))
    (fp_line (start -0.8 0.4) (end -0.8 -0.4) (layer F.Fab) (width 0.1))
    (pad 2 smd roundrect (at 0.875 0 90) (size 1.05 0.95) (layers F.Cu F.Paste F.Mask) (roundrect_rratio 0.25)
      (net 2 GND))
    (pad 1 smd roundrect (at -0.875 0 90) (size 1.05 0.95) (layers F.Cu F.Paste F.Mask) (roundrect_rratio 0.25)
      (net 1 VCC))
    (model ${KISYS3DMOD}/Capacitor_SMD.3dshapes/C_0603_1608Metric.wrl
      (at (xyz 0 0 0))
      (scale (xyz 1 1 1))
      (rotate (xyz 0 0 0))
    )
  )

  (module Capacitor_SMD:C_0603_1608Metric_Pad1.05x0.95mm_HandSolder (layer F.Cu) (tedit 5B301BBE) (tstamp 5DCD3A7A)
    (at 162.02 102.33 180)
    (descr "Capacitor SMD 0603 (1608 Metric), square (rectangular) end terminal, IPC_7351 nominal with elongated pad for handsoldering. (Body size source: http://www.tortai-tech.com/upload/download/2011102023233369053.pdf), generated with kicad-footprint-generator")
    (tags "capacitor handsolder")
    (path /5E452577)
    (attr smd)
    (fp_text reference C7 (at -2.94 -0.13) (layer F.SilkS)
      (effects (font (size 1 1) (thickness 0.15)))
    )
    (fp_text value 820pF (at 0 1.43) (layer F.Fab)
      (effects (font (size 1 1) (thickness 0.15)))
    )
    (fp_text user %R (at 0 0) (layer F.Fab)
      (effects (font (size 0.4 0.4) (thickness 0.06)))
    )
    (fp_line (start 1.65 0.73) (end -1.65 0.73) (layer F.CrtYd) (width 0.05))
    (fp_line (start 1.65 -0.73) (end 1.65 0.73) (layer F.CrtYd) (width 0.05))
    (fp_line (start -1.65 -0.73) (end 1.65 -0.73) (layer F.CrtYd) (width 0.05))
    (fp_line (start -1.65 0.73) (end -1.65 -0.73) (layer F.CrtYd) (width 0.05))
    (fp_line (start -0.171267 0.51) (end 0.171267 0.51) (layer F.SilkS) (width 0.12))
    (fp_line (start -0.171267 -0.51) (end 0.171267 -0.51) (layer F.SilkS) (width 0.12))
    (fp_line (start 0.8 0.4) (end -0.8 0.4) (layer F.Fab) (width 0.1))
    (fp_line (start 0.8 -0.4) (end 0.8 0.4) (layer F.Fab) (width 0.1))
    (fp_line (start -0.8 -0.4) (end 0.8 -0.4) (layer F.Fab) (width 0.1))
    (fp_line (start -0.8 0.4) (end -0.8 -0.4) (layer F.Fab) (width 0.1))
    (pad 2 smd roundrect (at 0.875 0 180) (size 1.05 0.95) (layers F.Cu F.Paste F.Mask) (roundrect_rratio 0.25)
      (net 6 /DEC5))
    (pad 1 smd roundrect (at -0.875 0 180) (size 1.05 0.95) (layers F.Cu F.Paste F.Mask) (roundrect_rratio 0.25)
      (net 2 GND))
    (model ${KISYS3DMOD}/Capacitor_SMD.3dshapes/C_0603_1608Metric.wrl
      (at (xyz 0 0 0))
      (scale (xyz 1 1 1))
      (rotate (xyz 0 0 0))
    )
  )

  (module Capacitor_SMD:C_0603_1608Metric_Pad1.05x0.95mm_HandSolder (layer F.Cu) (tedit 5B301BBE) (tstamp 5DCD3A8B)
    (at 157.882 105.483 270)
    (descr "Capacitor SMD 0603 (1608 Metric), square (rectangular) end terminal, IPC_7351 nominal with elongated pad for handsoldering. (Body size source: http://www.tortai-tech.com/upload/download/2011102023233369053.pdf), generated with kicad-footprint-generator")
    (tags "capacitor handsolder")
    (path /5E3A1CCF)
    (attr smd)
    (fp_text reference C8 (at 2.935 0 90) (layer F.SilkS)
      (effects (font (size 1 1) (thickness 0.15)))
    )
    (fp_text value 100nF (at 0 1.43 90) (layer F.Fab)
      (effects (font (size 1 1) (thickness 0.15)))
    )
    (fp_line (start -0.8 0.4) (end -0.8 -0.4) (layer F.Fab) (width 0.1))
    (fp_line (start -0.8 -0.4) (end 0.8 -0.4) (layer F.Fab) (width 0.1))
    (fp_line (start 0.8 -0.4) (end 0.8 0.4) (layer F.Fab) (width 0.1))
    (fp_line (start 0.8 0.4) (end -0.8 0.4) (layer F.Fab) (width 0.1))
    (fp_line (start -0.171267 -0.51) (end 0.171267 -0.51) (layer F.SilkS) (width 0.12))
    (fp_line (start -0.171267 0.51) (end 0.171267 0.51) (layer F.SilkS) (width 0.12))
    (fp_line (start -1.65 0.73) (end -1.65 -0.73) (layer F.CrtYd) (width 0.05))
    (fp_line (start -1.65 -0.73) (end 1.65 -0.73) (layer F.CrtYd) (width 0.05))
    (fp_line (start 1.65 -0.73) (end 1.65 0.73) (layer F.CrtYd) (width 0.05))
    (fp_line (start 1.65 0.73) (end -1.65 0.73) (layer F.CrtYd) (width 0.05))
    (fp_text user %R (at 0 0 90) (layer F.Fab)
